51 1
56 1
52 1
38 1
39 0
63 1
30 1
28 0
26 1
24 0
54 1
24 1
29 0
40 0
30 0
23 1
22 1
24 0
43 0
52 1
61 1
22 0
28 0
37 0
42 1
32 0
46 0
45 1
43 1
48 1
50 1
44 0
47 1
26 0
37 1
20 0
34 1
25 1
59 1
45 1
25 1
34 0
46 1
54 1
57 0
21 0
31 1
38 0
31 0
31 1
43 1
42 1
49 0
31 1
43 0
38 0
29 0
28 1
55 1
45 1
62 0
36 0
44 1
35 0
25 1
45 0
25 1
29 0
27 1
26 0
45 1
25 0
48 0
43 1
45 1
38 0
55 1
50 1
38 0
33 1
32 1
33 1
51 0
25 1
29 1
30 1
24 1
37 1
30 0
49 0
30 1
23 0
25 1
25 1
29 0
27 1
26 1
30 0
38 0
30 1
29 1
22 1
30 0
23 1
43 1
19 1
52 0
23 0
57 0
54 0
27 0
25 1
41 1
19 1
40 0
23 0
19 1
60 1
53 1
33 0
37 0
27 0
25 0
20 0
19 1
20 1
57 1
29 0
22 0
28 0
43 1
35 0
26 1
53 1
23 0
23 0
42 1
19 0
60 0
51 1
25 1
27 1
25 1
20 0
23 1
57 1
