40 1
23 1
43 1
48 0
44 1
26 0
20 1
18 0
35 0
31 1
21 0
49 1
54 0
42 0
37 1
45 0
37 1
26 0
38 0
23 1
57 1
42 1
29 0
23 1
54 1
56 1
49 0
33 0
61 1
36 1
33 1
49 0
32 1
25 1
44 1
28 1
35 1
39 1
42 1
37 0
23 1
45 1
46 0
34 0
53 0
43 1
36 0
20 1
25 1
44 1
29 1
59 1
61 0
33 1
23 1
39 1
57 1
31 0
25 1
39 1
33 0
30 1
39 0
33 0
35 0
29 1
55 0
35 1
27 0
20 1
32 1
20 1
49 0
26 1
50 1
41 1
32 1
40 1
51 0
23 0
45 1
25 1
44 0
50 1
34 0
47 0
47 0
24 1
34 1
54 1
20 1
39 1
28 0
22 1
21 1
38 0
53 0
25 1
41 1
26 0
46 1
21 1
32 1
48 1
39 1
40 1
22 1
46 0
35 0
31 1
41 1
21 0
32 0
28 1
24 1
30 0
26 0
34 0
46 1
38 1
27 0
48 0
23 1
30 1
24 1
39 1
20 1
19 1
22 0
20 1
36 0
45 0
26 0
21 1
24 0
45 0
24 1
39 0
22 0
35 0
47 0
35 0
26 0
44 1
23 1
20 1
23 1
36 0
27 0
42 0
29 1
24 1
31 0
